100 100
46 27 55 22 61 88 88 97 4 74 57 72 100 31 16 100 71 60 18 2 36 96 55 2 84 52 14 92 79 13 21 68 16 20 99 63 29 78 19 58 9 45 17 48 78 4 34 77 36 43 97 76 98 50 92 53 77 94 42 75 100 7 23 27 96 37 15 71 10 13 4 25 82 99 100 2 87 22 38 92 16 62 78 36 46 75 27 99 28 67 15 84 85 34 85 38 3 77 83 53
32 22 87 60 77 27 31 63 41 73 37 81 21 4 91 6 45 20 85 14 90 39 12 95 9 92 38 80 8 7 32 83 33 21 12 65 77 38 95 57 39 60 96 4 70 37 41 25 16 51 24 24 74 61 15 72 67 17 78 37 30 6 97 72 3 65 8 38 41 3 51 58 60 19 12 50 89 39 88 72 92 27 70 65 65 74 35 99 27 82 10 55 19 10 58 29 86 46 10 44
36 28 33 20 30 87 23 100 31 26 15 13 91 76 84 70 31 27 84 41 6 48 41 44 43 88 41 72 26 4 83 28 25 37 7 68 39 62 17 76 100 6 75 97 36 37 31 85 91 9 53 56 49 30 47 64 8 94 20 81 19 85 52 79 22 13 29 33 83 58 55 23 23 25 82 86 54 12 22 95 3 72 100 85 17 70 49 35 20 75 44 80 1 47 45 90 56 94 75 12
30 47 83 49 20 46 94 87 91 9 37 98 100 6 48 63 78 28 21 83 48 33 56 71 30 14 37 34 8 26 61 45 92 41 97 63 1 32 27 28 63 86 31 44 37 26 58 57 68 35 84 19 85 59 23 16 34 11 73 29 10 15 46 17 67 66 57 75 97 51 46 19 82 60 90 3 38 53 1 67 29 78 24 72 72 35 98 41 58 21 61 42 72 87 86 90 9 33 20 79
76 7 15 37 61 43 100 61 97 1 11 24 90 57 6 56 95 87 96 89 17 83 61 45 19 98 78 92 30 27 2 72 76 53 73 96 40 88 32 63 19 74 17 44 93 71 60 96 32 74 78 1 38 33 63 62 74 87 28 89 93 46 41 81 11 96 2 69 92 14 61 10 62 70 61 23 81 77 69 47 27 74 28 22 47 52 80 79 75 39 93 67 90 2 2 60 48 66 70 4
39 60 98 62 27 92 68 25 80 34 29 46 29 90 29 62 1 58 90 76 22 81 96 76 60 29 50 48 50 23 28 69 86 88 32 75 23 35 94 94 80 85 15 57 87 84 18 23 49 99 36 42 85 47 97 74 16 95 8 49 85 37 30 76 17 27 14 12 11 91 23 32 51 96 64 76 47 76 58 43 45 35 27 100 84 35 44 3 97 86 42 28 85 68 94 82 84 26 27 77
44 67 57 18 16 67 42 1 98 48 51 96 6 12 26 92 38 79 37 74 84 95 35 65 82 55 26 7 83 14 41 24 53 67 23 76 36 17 73 73 13 16 51 53 26 20 5 44 14 93 3 1 63 100 97 60 54 85 99 44 45 18 21 28 47 44 92 8 14 84 37 51 87 17 29 81 44 67 81 60 10 1 11 5 25 33 96 69 38 96 90 44 67 11 10 39 67 9 36 6
74 87 23 9 15 70 61 4 45 66 3 55 18 36 18 56 79 10 20 71 56 37 74 52 31 99 39 55 32 19 18 87 97 7 3 9 12 94 11 98 93 18 60 65 39 85 83 53 22 95 83 27 48 79 65 10 94 83 77 51 49 2 27 11 38 5 17 87 65 61 51 59 14 8 19 18 29 62 21 50 100 95 56 29 78 46 83 15 53 16 64 31 11 79 35 16 75 3 12 36
12 4 70 58 20 81 12 61 2 17 53 67 67 51 25 2 63 2 64 64 45 54 29 4 27 33 18 20 76 45 19 97 24 56 95 72 50 24 62 32 57 74 47 30 56 6 45 4 79 48 91 84 11 73 65 55 93 33 52 77 16 94 96 8 84 48 8 99 100 72 91 62 5 90 71 93 82 41 61 55 5 36 95 11 75 59 84 57 82 100 86 67 51 47 11 4 81 90 22 63
51 58 80 66 82 70 77 66 20 22 44 69 93 55 61 38 80 19 43 88 5 29 76 39 8 21 37 17 28 33 14 39 96 41 24 54 71 87 45 100 80 63 69 53 82 1 14 29 40 8 70 34 64 57 91 6 84 8 31 27 21 89 85 48 93 29 92 43 21 88 38 72 35 68 48 94 80 84 18 32 48 20 42 86 80 70 50 19 56 74 26 72 48 14 27 15 58 64 36 60
41 95 80 17 47 76 97 89 47 84 71 85 24 86 55 83 28 40 2 44 1 21 36 44 78 81 39 5 8 67 43 95 59 4 40 46 1 74 14 16 40 92 9 27 74 39 37 62 38 25 86 36 4 61 35 3 41 49 6 35 15 46 23 24 79 35 53 24 74 53 85 7 72 36 2 71 19 98 32 95 19 77 64 78 52 60 57 69 77 44 67 86 49 44 55 15 99 75 99 18
71 61 36 57 79 53 93 43 13 95 87 42 1 1 83 81 81 19 84 75 61 78 29 30 43 50 82 38 45 3 55 47 39 37 19 24 29 63 60 66 96 70 33 98 54 50 93 44 96 48 88 81 74 54 84 20 3 17 100 52 48 31 52 51 78 64 76 65 3 20 43 76 7 11 13 93 80 56 52 100 53 99 33 24 13 28 4 32 45 92 38 56 51 59 26 43 94 76 34 9
31 43 78 46 17 36 68 6 24 63 86 98 96 58 41 38 58 56 14 12 80 49 50 47 13 50 21 21 37 65 21 66 72 2 64 44 81 61 39 52 61 4 78 38 20 32 14 27 2 82 56 64 41 49 32 29 44 67 15 11 74 19 95 40 56 25 38 8 95 95 14 81 65 60 85 26 75 35 15 82 66 31 30 6 61 23 25 35 89 17 11 2 17 37 8 41 15 79 78 37
42 65 59 22 35 33 16 11 70 96 53 92 10 15 73 33 67 37 42 67 40 18 12 47 82 7 31 47 36 23 99 65 38 18 29 84 40 64 60 32 32 63 14 58 80 75 73 88 1 50 22 52 95 1 48 65 27 88 46 41 45 41 36 26 69 46 24 61 93 40 9 49 97 61 98 74 81 99 30 13 56 43 79 56 36 65 92 54 87 73 43 7 5 29 98 61 78 16 52 30
29 12 84 92 60 14 99 40 48 28 93 5 82 92 52 100 72 7 37 51 18 52 91 54 94 68 94 4 98 64 28 46 41 88 91 72 81 21 62 99 2 21 61 1 1 11 85 82 25 37 33 53 39 61 50 83 83 12 100 28 17 79 12 87 33 76 25 12 25 52 88 22 35 18 36 13 100 57 36 36 74 62 39 44 32 70 80 6 10 97 41 22 42 88 22 27 47 61 94 87
80 29 36 15 50 47 17 83 80 59 79 21 73 77 64 26 28 58 42 81 11 59 87 92 6 69 68 31 62 87 91 38 13 8 83 66 6 37 6 14 5 38 39 69 61 59 25 26 74 66 22 67 14 9 97 95 9 49 82 74 35 23 37 61 48 21 18 70 89 66 22 32 50 12 69 66 1 10 43 54 65 20 91 85 58 33 93 10 29 80 54 89 15 10 44 12 80 12 36 91
24 38 29 18 41 53 28 34 41 21 14 8 2 18 67 67 55 78 15 20 17 80 29 84 58 97 61 77 7 65 3 38 4 73 97 39 61 35 26 23 88 35 44 51 70 64 36 91 45 56 50 34 18 83 81 44 97 93 84 6 97 66 10 43 53 97 26 2 25 48 11 90 85 14 60 55 90 72 55 29 10 47 95 94 11 47 94 14 80 98 19 48 85 75 94 100 23 38 50 34
64 44 1 83 43 66 35 60 38 17 60 22 42 15 26 80 43 25 22 7 43 5 75 16 73 47 11 75 40 38 63 16 87 23 24 36 76 85 14 26 79 58 99 24 48 88 66 96 26 82 39 89 37 91 81 26 28 99 2 30 47 83 49 47 39 73 61 74 14 64 15 81 9 99 100 64 37 15 30 84 42 87 67 80 35 59 9 27 100 11 89 72 5 61 52 1 52 57 69 47
93 44 53 24 87 99 94 65 49 18 48 89 4 77 81 43 38 8 27 87 29 92 97 61 99 28 54 18 11 45 89 60 74 88 17 9 22 70 73 100 7 37 27 75 6 49 99 14 99 86 56 3 16 32 99 31 74 37 53 19 77 81 1 94 80 15 19 100 91 85 89 88 69 8 45 75 73 5 45 25 61 50 17 58 21 49 52 86 92 84 61 66 17 92 56 33 21 39 48 95
58 83 50 49 85 56 67 44 44 98 63 30 32 63 79 5 54 46 77 37 24 30 32 62 27 79 37 81 55 80 58 94 15 99 34 83 55 64 70 57 61 69 86 48 68 13 4 14 90 1 47 95 6 63 38 31 85 43 77 52 53 39 60 13 56 15 94 70 35 69 66 7 66 37 60 53 97 7 75 94 22 62 42 44 46 48 5 11 74 48 66 16 16 23 9 96 13 53 50 37
10 19 78 84 74 92 13 86 27 24 37 87 73 71 67 82 88 9 70 36 32 16 91 50 56 61 81 10 76 47 83 43 33 20 50 10 89 99 48 87 54 95 66 13 81 10 90 89 77 13 13 92 20 77 21 75 81 36 62 91 39 72 41 87 89 46 77 81 85 66 94 86 79 5 95 62 8 12 5 43 31 41 43 42 27 59 79 13 78 42 66 45 11 43 48 60 42 53 94 33
15 14 31 74 27 82 35 62 87 56 96 59 73 76 35 47 70 10 88 43 63 71 24 31 83 89 90 81 8 47 82 74 43 35 44 18 16 50 3 16 45 32 68 92 66 55 30 31 59 18 92 99 84 84 43 72 35 4 86 35 62 98 66 15 46 46 86 6 70 78 35 92 25 7 91 89 91 51 39 31 61 40 82 1 67 3 16 44 39 15 41 100 10 16 37 68 4 21 14 41
72 47 92 27 91 93 76 80 81 30 34 15 90 45 74 5 26 54 80 6 42 67 98 92 37 96 23 42 75 40 7 67 4 41 25 39 23 82 88 27 60 45 12 84 90 65 74 66 11 40 60 61 60 84 37 36 86 13 64 60 79 63 36 100 77 4 26 3 39 88 89 97 73 30 55 53 15 97 41 94 21 35 80 54 76 4 91 1 7 47 92 98 34 58 12 62 33 93 49 40
4 43 97 56 59 21 65 63 82 6 53 51 38 80 30 16 91 89 77 53 76 77 32 28 31 24 60 52 2 11 3 97 69 71 22 34 43 80 30 43 57 7 74 63 89 82 54 96 97 47 32 21 97 31 69 83 22 40 33 70 93 1 46 98 54 29 64 65 79 42 85 18 3 78 89 20 55 6 80 46 57 33 87 90 70 29 30 89 65 83 2 40 100 32 84 20 41 14 64 74
27 1 10 46 98 97 22 12 12 91 3 10 50 56 94 68 10 87 46 45 68 75 66 64 43 42 53 33 4 1 52 37 30 43 90 94 94 61 38 40 28 97 49 89 65 7 37 51 55 38 49 39 11 72 91 98 92 57 4 2 100 67 5 3 10 22 73 93 40 48 52 1 36 40 21 31 80 93 59 63 36 46 4 87 46 97 75 9 46 44 41 51 16 97 24 54 98 9 27 91
68 55 46 45 41 7 94 84 86 34 82 20 34 76 52 67 50 49 20 6 8 18 86 69 93 35 79 37 59 65 54 22 90 22 2 97 95 65 42 48 28 55 43 64 16 43 91 36 75 69 58 38 43 46 88 33 10 25 30 2 9 61 20 92 36 40 36 60 41 3 85 94 21 86 74 15 70 65 21 96 93 21 27 20 96 52 98 23 90 89 71 12 51 71 17 78 31 11 75 50
83 24 87 46 13 57 23 67 94 15 65 34 80 60 45 71 11 84 35 12 34 97 94 94 76 49 6 76 57 73 64 96 10 4 17 98 96 51 78 43 13 63 72 64 10 34 6 1 17 59 88 22 58 83 68 3 54 34 5 46 15 2 98 28 42 45 66 60 47 85 47 17 77 83 62 53 84 43 29 100 31 37 89 40 14 29 49 74 34 78 55 51 84 84 40 86 72 35 44 29
43 5 6 44 96 72 3 61 14 80 58 61 77 7 60 69 74 63 84 37 55 37 8 23 58 85 20 65 59 20 33 62 48 95 96 75 57 65 28 6 67 52 29 60 78 9 62 9 45 96 5 29 7 66 88 53 99 93 37 20 78 39 75 4 79 60 69 64 28 86 40 45 90 76 12 31 26 45 2 46 63 35 7 55 13 28 75 4 62 75 50 49 38 73 42 22 90 37 26 64
95 72 34 54 27 73 87 69 80 29 76 79 99 16 22 8 1 52 90 45 84 12 9 37 63 48 85 51 77 99 74 86 73 23 57 80 100 91 7 36 14 31 52 41 11 72 72 26 3 72 70 13 59 84 11 43 38 73 72 12 66 35 70 97 1 43 80 20 17 20 28 82 72 43 93 6 28 25 100 7 82 67 97 24 97 79 93 64 30 78 28 12 3 7 64 60 55 41 77 53
20 57 18 13 95 49 69 80 90 82 94 49 68 53 20 53 37 16 43 69 79 10 49 27 11 16 24 100 85 9 47 95 26 55 51 19 98 69 17 57 72 94 95 78 66 45 10 95 50 6 18 16 99 33 2 36 34 34 33 19 20 9 71 8 68 7 25 82 85 79 87 53 93 25 93 66 15 9 95 1 91 30 39 17 99 24 8 10 88 76 91 9 26 6 61 8 70 98 67 31
54 9 65 55 73 19 56 59 88 51 47 72 99 39 52 53 42 44 42 16 30 22 6 89 65 9 92 83 77 42 22 62 94 54 68 35 15 95 76 94 39 71 48 93 71 78 96 6 23 59 74 80 50 17 1 18 46 41 85 30 99 26 56 9 84 68 11 77 96 20 90 27 20 3 9 4 94 11 57 7 15 35 42 14 14 91 25 86 54 90 96 93 39 92 43 50 16 11 33 44
14 88 70 55 52 51 71 8 12 73 96 38 99 71 86 27 40 39 72 63 30 18 33 39 22 57 62 3 87 1 63 64 84 15 42 8 61 11 42 1 98 10 17 14 68 26 89 78 31 39 20 81 80 73 65 1 50 7 95 87 76 47 50 80 16 82 11 15 1 31 71 35 59 9 21 13 99 10 23 42 53 50 35 40 30 95 24 82 43 16 64 30 12 45 47 58 31 41 49 49
52 57 5 47 84 77 57 61 27 11 74 33 79 60 5 96 12 89 44 98 78 60 60 6 48 62 53 37 46 66 35 8 89 69 51 64 8 88 77 30 79 34 51 47 10 42 75 53 96 9 73 74 36 25 68 30 40 21 68 39 61 2 36 94 78 41 39 33 95 24 2 77 52 18 50 76 31 39 78 84 14 19 25 76 52 80 22 41 68 6 65 12 91 41 8 32 64 14 87 27
83 79 71 67 37 68 26 96 92 69 25 36 79 84 11 48 31 90 20 34 7 23 37 85 49 44 90 24 14 74 53 37 2 40 34 31 83 21 47 61 26 38 5 7 66 4 10 60 93 90 82 87 23 97 40 4 10 71 91 46 21 52 65 41 98 87 79 47 61 34 58 92 57 1 31 12 25 50 22 54 53 35 22 1 18 82 96 71 96 71 56 53 78 6 31 5 10 25 51 51
1 27 69 12 65 30 38 60 75 76 30 86 98 65 44 28 4 98 58 5 47 68 72 92 12 12 60 15 20 47 100 70 98 57 45 42 79 9 26 15 1 83 48 20 67 7 69 55 42 97 34 66 10 90 99 70 37 57 73 97 99 81 20 21 68 34 81 9 9 66 49 66 62 11 94 98 16 24 84 81 79 23 25 81 63 85 44 63 81 56 21 16 61 60 86 44 81 11 56 79
65 100 2 18 10 46 59 100 11 43 72 34 90 99 15 52 53 30 29 29 6 77 73 17 35 34 16 66 96 73 39 57 42 23 66 54 14 16 76 80 75 77 2 19 95 52 14 87 95 45 97 2 29 18 1 22 5 28 31 57 69 97 86 81 10 38 76 5 81 31 6 5 29 13 19 56 43 32 63 82 91 74 27 11 45 51 56 77 63 76 32 86 94 72 62 28 18 62 32 88
77 16 12 87 51 56 70 54 39 29 53 88 36 83 41 61 51 86 23 58 59 25 21 37 75 71 8 4 33 89 12 63 99 97 65 3 67 1 9 21 34 96 6 67 40 57 69 53 88 43 19 63 47 87 77 61 5 21 83 44 26 91 3 81 67 65 49 76 83 54 12 85 89 6 28 79 45 46 22 23 10 2 54 21 98 73 63 98 64 83 83 30 9 95 22 32 20 23 58 22
85 78 80 87 28 21 24 64 76 66 21 71 79 85 78 81 34 58 14 55 80 58 61 91 19 49 91 40 79 60 50 22 76 78 97 14 20 63 78 91 92 87 89 60 86 45 5 100 46 71 26 58 39 84 72 58 4 27 21 46 22 64 79 35 96 58 93 92 97 22 90 36 33 37 60 95 19 67 16 99 96 15 75 24 19 26 37 1 9 1 12 80 37 61 43 86 15 44 12 22
4 12 41 13 64 80 13 74 96 86 76 21 35 76 90 37 9 1 1 47 81 50 83 78 19 8 70 3 61 55 16 29 96 47 94 72 81 79 96 98 19 81 13 7 84 45 20 61 90 30 95 71 27 62 11 35 9 85 94 21 11 72 35 59 22 95 78 5 90 75 85 24 54 19 2 56 77 82 45 72 15 93 63 38 83 27 60 23 17 89 1 51 50 54 35 27 84 19 46 93
85 89 50 36 64 70 4 5 4 58 57 8 82 46 81 35 9 26 1 59 51 35 66 76 69 16 83 96 19 81 81 59 4 42 32 90 38 77 12 69 65 89 2 53 6 34 71 14 82 44 21 2 41 48 79 18 64 15 85 79 30 14 9 40 63 99 85 49 5 92 11 88 29 81 81 52 54 36 87 39 93 60 95 66 78 80 22 87 65 29 59 55 58 11 99 49 88 60 66 65
83 58 76 52 96 82 22 69 66 80 97 13 57 54 5 52 12 58 96 72 69 38 43 96 23 2 89 44 18 95 20 13 52 56 58 92 19 17 28 25 7 27 89 56 25 35 54 39 54 15 54 23 10 98 75 65 41 65 77 88 9 44 25 91 31 41 95 26 10 31 21 20 69 31 42 13 26 84 4 84 72 67 8 94 45 69 17 47 4 92 32 63 54 62 81 7 66 91 81 50
85 99 32 3 39 2 19 18 99 88 44 31 97 34 8 4 24 8 37 61 78 95 23 68 12 1 8 5 72 29 23 34 34 57 6 15 94 59 98 32 15 54 33 59 66 11 32 81 87 32 7 24 83 91 91 78 62 68 86 55 23 97 87 82 76 48 69 45 58 3 53 86 62 1 55 93 19 33 20 69 27 36 14 29 99 78 31 29 49 92 90 6 83 21 78 11 36 60 21 40
54 76 13 64 73 78 68 13 31 32 59 49 54 92 46 30 98 44 44 74 52 28 66 78 78 44 9 79 64 33 67 17 38 5 33 3 78 17 9 41 57 20 40 3 56 97 33 82 64 66 61 96 83 3 39 65 58 81 55 100 35 6 42 94 97 9 48 6 41 46 81 96 54 79 57 28 26 96 59 94 14 75 75 18 28 16 59 87 5 100 54 5 76 45 76 14 8 94 59 95
34 8 3 100 68 52 35 33 58 45 43 22 55 95 94 15 69 44 22 15 6 94 99 42 78 74 40 16 57 12 88 53 20 86 16 21 68 66 22 69 93 87 78 73 74 9 95 22 45 6 23 26 66 72 61 79 96 65 72 82 90 77 11 68 90 31 44 72 41 5 51 2 88 62 36 20 25 25 95 84 77 31 37 20 19 27 86 64 6 72 66 84 71 24 86 48 66 60 5 81
25 16 14 12 72 12 20 58 81 66 88 59 72 51 43 16 29 70 37 41 99 28 74 9 34 44 27 29 81 70 33 37 65 37 58 93 92 69 12 68 3 99 53 96 58 36 36 61 37 53 37 76 54 13 19 9 12 19 100 1 69 11 95 14 47 62 93 34 70 18 51 2 70 54 25 83 87 83 2 47 38 66 59 34 20 20 22 28 95 12 97 58 73 7 35 17 42 80 24 57
21 43 30 54 44 99 82 91 74 9 46 65 29 27 52 97 79 32 31 72 53 56 79 68 57 1 64 100 66 1 4 82 49 29 1 72 86 99 59 47 97 24 39 3 42 38 22 30 4 67 22 30 79 88 92 21 50 41 74 77 37 95 92 30 94 15 47 2 92 1 43 41 35 52 52 92 88 63 19 14 64 15 76 26 64 57 41 52 32 59 24 26 23 39 55 33 39 5 82 45
21 81 5 33 46 97 55 29 54 14 27 21 51 53 89 17 47 1 13 60 14 20 85 66 80 94 98 48 8 45 22 93 15 60 12 18 23 2 1 41 38 55 56 68 41 59 4 83 94 92 8 39 66 94 97 77 39 29 83 12 16 83 52 82 52 72 72 49 86 84 78 93 5 10 52 85 40 22 24 83 64 44 7 10 37 67 72 9 1 1 41 3 53 48 68 72 19 37 72 9
46 42 77 94 60 23 67 25 42 88 11 18 76 52 43 85 57 39 87 35 54 31 13 2 39 12 5 75 32 81 49 45 33 91 44 39 87 59 20 93 24 92 11 91 4 46 37 71 25 61 96 1 12 53 21 30 6 50 39 43 6 10 47 49 96 52 14 52 16 54 75 37 36 78 85 82 71 41 44 54 6 96 32 67 35 44 69 80 20 59 22 50 22 47 62 36 54 2 9 19
19 96 47 43 5 58 28 42 51 45 20 14 5 52 89 13 66 6 100 56 84 74 39 62 69 5 80 13 60 14 85 30 18 50 69 40 7 97 56 14 81 23 75 20 75 73 20 94 100 52 27 3 1 44 1 90 58 90 5 27 18 14 4 97 32 5 90 18 3 92 17 60 92 45 8 99 90 89 32 63 29 95 13 20 75 6 96 98 82 71 88 50 44 58 69 78 71 63 68 93
49 16 45 43 98 34 34 34 4 85 27 22 22 8 70 14 61 16 53 76 90 34 3 36 80 32 5 43 43 82 95 63 8 22 39 17 55 12 77 74 63 98 97 62 60 69 34 100 98 42 34 70 45 28 13 33 98 82 94 89 7 75 26 91 87 33 60 90 24 59 39 27 56 10 41 86 34 72 26 95 61 24 48 100 1 28 41 96 64 19 85 24 27 25 7 8 39 82 89 24
19 61 37 14 27 68 31 56 59 77 52 1 25 17 67 49 81 54 64 1 14 33 24 6 19 66 94 2 79 90 17 16 96 76 93 66 28 81 46 18 70 36 28 33 67 89 11 33 41 39 96 23 36 91 46 1 90 85 20 88 82 36 88 5 79 47 29 36 92 40 43 89 9 52 8 41 66 66 14 26 89 78 35 45 44 28 50 22 71 7 72 89 4 99 88 1 38 35 5 89
41 38 66 60 80 66 19 9 82 80 45 9 26 99 62 36 47 76 8 22 82 1 82 28 90 26 93 69 61 71 97 30 66 13 79 89 46 81 48 13 89 72 87 70 51 78 53 88 55 13 20 77 8 78 48 94 60 42 61 93 71 27 97 89 66 51 29 18 83 42 92 71 67 14 46 62 13 43 64 28 80 43 91 45 34 18 94 56 26 85 91 47 55 5 75 100 60 10 67 73
64 23 94 29 27 27 81 6 60 88 38 8 82 81 30 49 75 48 25 19 42 69 3 46 47 69 51 63 12 71 9 4 25 45 7 52 87 2 74 16 76 87 17 98 57 86 86 95 48 24 18 38 55 37 72 45 80 65 89 77 26 7 75 11 42 96 61 68 86 55 28 29 19 99 57 72 65 16 58 48 68 93 20 42 45 84 72 48 16 37 90 97 53 45 64 3 48 13 60 24
90 60 58 35 37 37 48 40 43 19 97 14 74 93 30 56 54 59 46 75 71 72 84 15 39 43 34 19 21 93 2 10 12 53 76 18 77 87 100 79 43 27 68 87 89 19 37 89 87 97 82 13 30 10 29 23 33 75 50 37 27 22 12 34 56 87 6 51 72 60 23 11 41 13 23 53 5 96 74 9 21 28 11 23 5 73 20 64 54 20 27 81 19 100 25 75 95 42 66 73
90 63 65 93 77 22 19 42 97 61 85 5 41 3 15 55 42 11 27 56 9 69 73 25 23 41 6 20 89 61 18 30 75 83 65 45 77 70 78 25 91 51 3 44 43 50 58 18 66 40 68 34 94 82 33 4 90 83 26 83 56 31 84 33 49 41 23 44 7 60 22 2 83 34 19 55 27 19 37 24 8 75 33 41 98 82 36 93 65 10 56 78 68 49 91 87 94 76 71 40
90 72 92 78 45 6 20 31 98 27 31 86 10 94 81 21 66 33 99 49 5 70 60 14 42 15 86 4 91 14 6 53 33 48 42 94 3 12 72 35 90 15 41 71 55 97 34 72 37 90 24 94 93 74 56 45 65 22 39 39 56 83 2 13 30 29 94 23 47 3 86 47 5 18 1 10 45 100 93 96 55 20 45 85 58 25 35 95 53 12 71 74 35 28 10 49 83 54 94 80
49 94 62 96 51 32 14 12 6 12 88 58 66 63 35 97 43 2 76 44 37 26 40 14 72 87 12 93 63 79 36 93 1 21 47 72 30 34 9 24 74 24 60 33 29 36 16 76 44 69 25 88 11 58 50 65 42 41 91 24 77 2 74 20 79 48 39 27 16 59 59 13 70 65 53 56 52 84 24 65 85 39 11 89 40 14 7 82 43 14 24 94 26 25 39 33 15 12 39 24
56 80 87 48 37 55 54 13 96 64 66 14 31 19 48 87 50 35 57 49 97 28 53 25 74 47 41 85 94 52 79 39 33 98 71 56 36 59 13 36 99 67 1 2 47 33 15 30 18 12 71 37 25 58 24 39 68 30 5 63 18 71 52 9 23 90 94 87 84 16 15 58 67 59 89 1 65 31 75 36 11 41 44 31 67 32 9 3 80 14 75 93 61 15 19 77 49 77 59 57
80 100 59 28 43 75 51 23 91 33 88 63 59 91 85 61 68 78 17 91 61 10 66 7 12 35 98 33 3 97 54 83 4 14 29 47 6 47 85 74 1 88 55 51 1 45 5 13 88 12 95 21 82 32 14 100 100 88 32 99 33 56 44 24 92 43 12 85 56 36 91 20 37 39 38 88 19 4 98 83 74 28 50 57 83 89 9 24 77 43 11 16 16 3 55 23 32 24 50 12
31 51 9 58 89 34 22 91 70 49 39 83 76 1 87 46 20 87 21 97 70 45 83 98 17 29 1 46 71 43 31 44 14 31 62 71 67 24 70 6 71 13 64 55 77 15 54 42 11 30 11 24 64 45 93 95 61 70 17 80 49 1 75 97 15 72 51 93 17 52 71 18 39 89 70 91 59 33 79 60 1 64 29 61 18 46 44 81 45 91 82 39 48 91 7 37 72 23 76 83
74 61 30 63 60 28 61 100 59 89 90 70 3 79 40 81 68 64 77 19 49 2 32 76 87 12 63 39 48 39 74 96 17 61 81 100 56 36 12 70 26 86 86 4 8 10 92 70 90 60 46 63 10 65 77 64 35 63 84 77 16 64 55 30 65 41 71 84 1 72 60 76 88 90 100 99 2 76 45 94 9 28 43 13 44 84 72 1 73 2 84 25 19 36 68 6 72 31 35 39
74 40 46 76 86 100 3 15 26 81 11 19 1 94 30 63 76 87 67 88 4 26 9 11 96 45 82 14 78 22 71 59 43 9 25 89 54 32 43 56 10 70 27 30 61 14 61 57 10 39 24 92 11 2 81 86 81 21 72 2 41 45 71 70 37 27 14 52 30 3 17 31 17 86 93 52 15 74 48 14 23 97 21 32 15 66 78 51 21 26 79 38 6 80 97 48 67 99 57 31
90 73 72 17 94 86 22 75 99 68 35 75 100 22 39 52 69 93 60 81 82 94 19 13 96 61 7 34 65 4 63 7 17 44 79 17 52 94 44 8 56 62 58 87 55 98 23 76 25 37 77 7 15 11 5 84 30 92 22 85 31 64 12 61 44 81 82 58 42 46 46 69 95 87 74 35 50 84 75 83 62 41 90 33 100 100 64 96 54 53 63 41 48 73 35 83 75 49 88 52
58 62 38 76 42 80 52 99 8 35 60 27 69 80 58 11 11 90 92 75 4 61 26 29 98 27 93 66 61 60 27 58 47 24 22 65 76 99 9 63 95 61 11 54 14 27 54 76 33 25 38 32 33 23 65 24 46 26 3 81 66 50 4 28 37 54 90 10 7 72 93 25 59 94 32 57 7 12 59 54 89 80 1 74 92 18 69 43 2 11 81 15 47 27 18 49 4 79 89 93
73 63 73 75 82 93 51 78 6 90 95 96 42 34 73 99 58 60 74 70 16 18 4 78 43 8 73 35 39 58 94 4 50 10 21 85 94 28 25 98 14 30 6 85 44 69 43 83 98 42 32 87 98 2 30 24 27 41 78 58 51 64 28 41 40 78 82 23 48 49 25 38 64 71 48 47 81 12 45 65 88 52 37 77 38 42 91 36 24 48 27 26 55 57 50 78 82 76 98 51
38 88 22 56 72 18 17 10 18 19 65 18 49 20 56 25 63 19 11 73 64 95 66 77 4 20 17 1 20 51 75 82 14 69 45 24 82 83 25 50 7 13 45 96 34 1 5 70 48 12 29 61 56 55 51 39 40 41 71 19 54 14 54 81 2 19 2 46 88 65 28 76 78 75 80 1 31 67 58 35 5 4 65 71 36 94 27 60 43 56 58 73 3 35 100 92 98 20 39 75
55 6 31 96 62 59 56 6 66 33 58 54 62 3 99 45 5 41 62 63 1 35 25 74 76 80 98 48 36 13 43 62 86 83 10 46 31 8 100 48 59 73 1 69 15 5 46 39 85 97 34 80 71 51 12 66 61 19 75 75 30 69 80 51 7 64 68 75 72 34 86 92 23 67 95 62 48 58 16 14 4 65 23 41 39 89 93 83 67 52 76 41 28 15 78 85 13 44 52 63
40 36 6 76 47 87 89 51 84 80 19 79 23 45 89 46 70 59 19 5 5 22 23 32 54 2 52 47 26 9 94 51 99 19 79 64 36 23 73 46 77 6 59 4 75 67 46 45 90 27 63 62 68 68 29 98 81 53 58 44 94 59 20 4 66 30 15 78 59 68 75 26 1 7 36 85 8 13 9 9 83 65 20 46 11 88 43 28 91 17 73 76 85 13 56 22 49 66 95 62
78 89 81 35 36 93 86 8 93 54 45 74 93 33 67 15 83 30 41 71 29 15 31 96 97 59 87 86 77 47 5 100 31 65 100 20 26 68 84 3 58 34 35 40 10 29 23 60 52 48 85 83 10 33 41 73 60 13 5 72 52 68 17 30 90 54 88 57 85 35 53 55 13 14 87 31 46 3 95 90 18 16 35 57 1 66 98 94 37 69 16 82 57 8 86 43 34 66 100 30
95 6 69 93 33 14 84 94 66 23 47 87 47 3 30 79 12 4 28 74 51 15 62 48 64 78 3 15 40 77 11 63 20 69 16 31 11 7 35 53 76 84 61 32 100 14 23 79 49 22 16 18 65 37 41 48 33 79 51 50 41 82 56 58 36 94 63 93 71 15 89 6 63 2 90 72 22 89 23 77 43 67 33 73 97 94 58 11 88 37 56 39 99 99 28 41 99 48 49 63
66 23 71 35 43 81 8 97 13 41 36 19 37 55 3 77 22 28 17 56 89 26 31 47 33 13 16 54 18 88 50 7 73 35 23 61 36 20 84 84 59 20 1 19 30 100 14 49 4 18 9 92 19 63 49 43 5 17 48 80 77 20 59 5 21 46 80 27 78 83 32 13 20 66 4 16 36 39 47 52 43 24 12 5 50 100 90 57 93 30 45 27 12 9 94 53 25 16 10 21
79 45 8 41 91 56 31 72 35 96 29 63 44 78 22 85 40 32 98 28 64 94 57 88 77 27 17 37 74 46 30 97 57 100 94 49 67 43 88 73 63 55 67 62 65 35 84 91 2 90 89 16 70 28 39 31 94 24 10 79 6 60 41 81 85 34 36 37 1 73 64 58 23 99 32 77 16 21 28 13 24 98 39 28 53 16 38 8 51 54 56 89 30 40 5 4 54 48 96 16
5 31 85 56 95 77 72 12 46 98 82 35 34 65 52 60 46 17 51 38 98 46 74 25 11 51 70 9 91 57 95 20 1 29 86 46 67 19 34 72 85 46 65 18 41 87 33 71 66 9 90 20 22 99 33 10 19 88 34 70 41 49 62 42 70 72 42 2 85 59 18 69 19 91 23 9 36 45 57 60 40 89 74 83 46 61 83 60 87 18 72 4 18 22 44 33 83 56 33 42
6 78 86 12 14 76 32 9 63 26 39 11 32 98 89 53 48 57 73 3 6 80 96 11 77 81 69 7 92 14 59 23 91 91 20 46 64 66 10 78 57 9 32 62 50 26 24 7 17 61 10 35 76 91 40 90 36 7 29 32 38 77 93 61 33 1 13 28 17 98 91 43 35 48 23 15 24 54 48 48 45 86 3 19 32 40 35 96 40 41 78 18 60 56 15 92 64 80 74 84
8 46 81 45 42 77 3 49 61 80 80 79 57 3 30 8 90 99 23 36 93 23 47 91 91 2 49 1 19 94 42 2 54 56 84 25 44 47 88 57 80 55 4 44 42 46 42 35 63 19 10 69 61 22 90 79 43 28 24 11 56 67 42 71 86 64 51 24 19 51 4 68 66 10 83 66 27 68 19 48 85 82 67 29 35 44 23 77 16 59 92 39 45 89 82 88 6 33 56 14
78 35 15 8 43 35 48 69 86 94 89 74 81 65 70 46 38 58 14 62 77 35 49 45 54 97 49 43 73 60 54 58 7 47 23 3 29 67 64 91 90 92 84 5 56 95 70 85 64 51 55 35 33 7 3 4 12 87 1 60 34 12 65 4 46 52 5 46 21 31 37 20 27 87 38 29 83 51 1 37 36 39 79 16 11 72 33 66 38 12 92 66 43 14 47 53 78 89 54 7
82 69 63 13 5 65 44 35 45 86 83 53 84 34 48 80 71 1 100 61 7 80 93 23 9 82 46 26 23 17 7 61 19 92 54 13 20 67 9 14 3 28 38 8 58 39 34 38 35 56 78 80 21 45 20 45 50 91 86 68 11 44 33 62 89 32 1 4 48 48 12 75 72 53 77 91 53 57 57 18 32 34 29 18 80 74 72 39 72 74 10 68 54 65 42 48 86 29 57 66
46 82 18 24 47 16 66 50 59 74 55 11 97 35 70 36 59 84 55 55 99 86 6 39 33 68 3 91 48 95 48 87 99 14 7 76 43 85 19 95 90 18 30 35 32 96 9 18 12 19 78 64 74 58 8 89 40 88 20 52 8 96 28 62 41 76 1 12 74 90 73 67 61 91 70 80 96 34 25 48 45 31 71 54 19 74 100 97 19 52 26 29 23 1 26 99 100 20 49 40
29 88 11 27 6 99 56 17 52 89 69 58 31 24 4 60 59 78 11 64 32 76 16 15 100 35 41 97 38 76 81 47 48 61 4 85 43 32 14 41 53 36 35 21 86 49 77 79 80 100 40 94 59 10 20 68 52 1 6 65 13 42 11 82 90 72 21 55 86 7 78 56 26 91 91 7 83 24 43 71 48 11 48 73 7 87 41 25 86 32 58 62 73 32 82 49 92 63 53 28
48 57 36 39 58 84 86 6 27 20 48 40 51 16 94 76 79 22 17 72 83 67 47 12 43 5 83 60 88 63 73 5 3 93 11 87 8 71 6 31 72 83 68 1 87 26 2 64 87 81 59 8 70 74 53 3 39 28 88 54 21 94 98 19 81 74 25 80 18 5 76 12 85 50 25 82 91 19 29 48 3 32 63 63 61 96 18 30 63 41 82 87 15 19 53 41 49 39 45 45
82 50 10 95 29 52 40 52 14 85 27 94 78 55 100 95 30 66 79 8 6 57 53 44 2 35 30 12 22 80 29 27 61 38 23 28 75 28 86 17 17 55 68 54 61 12 22 54 79 34 27 85 39 26 31 50 47 31 20 41 57 22 37 39 35 34 75 69 98 44 23 7 85 13 73 28 29 79 28 91 91 44 74 39 86 85 74 12 25 41 47 87 47 35 11 22 80 15 99 11
51 54 68 28 45 36 92 29 74 38 60 5 88 68 85 10 50 80 14 100 40 68 34 19 76 45 86 55 92 22 23 23 8 47 9 56 26 85 68 53 18 37 99 53 64 32 91 79 10 11 64 8 97 44 2 56 29 77 55 86 54 59 95 27 92 94 40 43 77 92 73 31 22 39 79 10 8 87 49 95 86 15 90 92 91 73 53 13 41 80 61 5 14 91 44 8 8 90 39 76
9 75 88 28 37 17 56 31 40 12 62 55 44 46 46 69 32 17 38 85 82 68 10 31 42 55 17 42 19 97 42 17 10 59 25 31 47 38 25 17 2 61 52 21 59 17 17 89 6 88 19 13 64 68 82 10 24 72 38 29 79 63 82 90 34 88 89 19 53 7 17 14 72 47 92 47 4 52 72 33 81 12 84 39 1 24 53 57 14 91 16 71 55 11 96 44 95 73 35 28
56 93 6 23 34 24 74 8 12 50 12 56 48 54 79 7 68 5 22 63 22 88 35 77 76 84 29 57 96 33 37 95 11 89 28 82 37 77 41 87 72 76 7 83 92 2 17 43 16 90 89 84 11 12 76 15 34 86 78 7 34 77 97 88 81 45 70 12 44 11 87 14 6 40 31 96 76 23 33 96 67 14 91 44 34 40 40 92 48 54 85 97 75 87 22 83 44 96 86 48
14 38 51 36 42 24 40 39 6 86 93 53 37 63 54 52 64 56 34 37 36 78 66 99 74 70 15 33 25 46 38 11 52 16 24 20 13 94 97 77 63 17 15 10 15 8 55 76 84 45 90 100 7 66 84 72 77 79 79 19 16 50 50 20 93 94 81 60 49 87 55 28 77 91 45 43 12 50 6 81 42 50 44 74 8 40 78 93 83 69 7 19 97 2 59 37 18 46 51 34
92 72 54 72 75 13 18 50 24 21 25 78 4 63 44 84 98 48 56 43 76 62 67 55 68 72 3 54 15 75 97 53 20 41 95 96 14 16 100 24 35 31 2 68 5 13 43 42 95 32 28 47 74 29 71 92 51 95 58 52 54 25 39 69 10 2 65 27 77 47 22 55 30 32 66 61 86 74 41 29 98 91 54 93 96 39 85 65 72 61 28 49 40 91 6 41 6 29 64 61
15 40 74 98 48 81 59 34 97 25 59 21 40 62 86 93 96 80 9 99 29 98 46 7 79 55 75 39 21 23 35 26 11 49 42 46 32 21 36 32 95 13 18 75 92 54 91 63 34 32 55 17 23 60 72 89 17 93 77 3 1 47 41 14 6 76 12 63 11 39 82 63 62 31 42 34 15 44 17 9 25 8 53 40 36 62 74 16 33 78 38 53 60 43 19 93 10 86 60 23
32 62 96 53 62 17 3 76 47 40 73 29 68 58 89 62 20 29 61 26 57 77 50 44 48 33 42 65 90 87 13 57 57 80 27 77 66 12 87 82 64 7 28 46 7 20 15 88 22 71 26 2 4 40 68 67 94 65 29 91 39 43 13 95 52 39 60 15 47 63 1 88 13 42 14 78 67 30 7 61 32 87 42 81 5 73 77 78 27 27 94 32 81 12 54 55 67 50 53 83
37 64 9 1 100 99 28 30 37 17 15 87 11 97 84 93 85 48 70 67 32 29 67 43 96 92 17 98 53 70 8 49 38 12 7 94 74 44 96 23 39 14 95 60 6 12 60 3 56 50 26 64 19 66 55 89 76 83 41 14 1 60 68 82 87 27 89 34 33 9 1 24 78 2 6 61 6 76 34 98 59 87 31 8 11 37 61 75 84 18 33 80 53 97 67 18 29 8 3 14
16 21 64 56 44 49 19 32 6 91 16 62 46 96 74 38 28 88 52 46 90 86 99 71 51 2 55 18 2 13 68 67 10 8 11 69 9 82 15 69 11 81 39 93 65 63 7 66 1 52 81 57 83 9 64 70 9 9 29 74 13 96 40 54 51 96 17 22 89 34 100 67 94 85 23 24 71 48 45 13 1 59 57 49 20 34 60 71 90 25 36 49 63 80 7 29 62 99 52 71
71 6 37 95 14 21 5 7 36 60 4 64 97 14 65 75 82 87 43 76 83 88 91 17 34 33 87 27 43 26 15 64 13 15 46 50 78 11 51 39 83 41 91 89 54 64 58 41 69 52 72 1 50 25 45 69 35 14 75 74 95 54 12 25 81 15 79 29 2 84 26 95 16 28 95 28 55 64 30 15 2 54 87 45 60 10 69 34 79 14 71 54 86 53 18 18 98 7 2 25
69 78 98 41 48 67 94 71 27 41 19 72 62 45 87 70 95 31 50 53 11 81 74 33 96 28 75 40 81 56 40 96 80 45 47 99 97 14 40 18 15 43 86 58 47 17 23 26 25 38 49 82 47 70 29 93 14 64 46 12 27 43 56 13 33 97 60 34 3 36 53 48 2 71 62 94 36 76 33 56 17 4 88 69 66 67 81 24 68 42 53 22 92 49 14 89 32 25 3 68
68 3 80 51 64 33 20 25 5 51 63 99 68 90 3 78 75 36 7 78 38 87 64 86 47 28 98 10 92 1 16 20 52 19 25 46 42 68 5 78 47 59 26 77 72 94 57 34 38 30 38 24 62 67 36 80 24 65 59 80 65 30 44 58 18 69 71 66 1 76 24 61 88 5 76 63 88 3 92 92 80 67 18 51 29 30 26 23 27 14 60 56 89 69 45 52 99 95 55 82
9 68 38 84 74 3 71 25 31 15 30 60 87 32 81 98 21 52 84 95 38 55 84 43 25 3 68 62 73 81 7 8 85 49 59 70 76 35 76 93 9 97 64 91 86 48 53 4 84 46 95 49 57 97 68 44 37 10 72 25 31 72 28 92 39 87 95 39 82 65 37 41 49 87 58 57 64 62 3 1 75 15 24 56 33 74 21 38 12 6 56 55 68 61 65 55 33 58 67 59
72 6 34 7 81 33 33 3 21 54 40 32 12 62 61 71 64 55 39 44 30 96 57 62 1 49 57 99 95 90 14 91 13 39 93 24 19 7 32 7 6 85 55 46 76 46 70 7 66 83 48 78 68 10 52 3 59 96 61 90 38 87 2 61 57 41 58 5 80 61 59 69 82 24 98 95 8 77 23 48 29 78 68 50 87 100 6 64 64 60 73 34 34 89 43 67 70 11 23 56
31 11 12 79 47 60 19 81 90 55 16 19 74 52 23 12 60 34 67 85 68 68 13 45 8 30 60 82 17 7 46 22 56 29 81 26 91 44 50 11 35 7 53 13 3 15 68 15 78 47 32 60 85 16 46 2 14 67 2 85 61 63 55 23 9 75 67 24 40 46 13 65 64 96 44 82 25 50 4 33 77 24 36 44 33 44 53 7 56 42 74 47 50 3 75 99 55 63 47 88
26 35 82 10 96 72 13 64 20 4 51 1 54 73 51 79 32 71 86 95 78 42 34 52 7 58 49 88 45 53 34 67 99 51 91 56 34 36 22 37 44 5 28 81 31 59 81 70 32 31 75 62 5 80 20 29 55 59 24 72 73 59 35 73 87 72 1 55 40 40 85 22 2 43 53 95 50 46 88 44 100 85 82 79 98 48 95 38 98 40 24 3 5 98 56 98 47 47 57 72
5 33 93 79 16 78 1 9 3 96 20 79 3 50 100 75 62 42 60 4 4 61 96 1 28 81 97 27 9 50 85 95 21 39 59 5 67 40 71 47 31 4 97 11 84 99 88 42 37 21 99 36 86 54 69 65 58 50 35 80 46 53 36 42 97 99 64 98 56 91 29 86 65 35 41 86 60 47 12 51 25 96 27 48 98 92 88 40 28 19 10 98 53 13 1 62 91 78 84 27
51 28 98 25 18 85 85 58 66 62 70 63 42 24 49 61 91 69 21 85 22 60 71 10 32 60 18 9 89 82 13 68 18 12 73 87 82 41 39 59 84 20 75 74 41 96 86 48 48 23 20 58 50 81 100 55 99 42 18 74 81 89 65 52 32 2 18 47 15 29 53 30 94 72 63 21 22 56 81 32 33 22 29 76 14 3 57 31 34 74 12 68 91 74 45 15 75 42 73 32
79 84 31 21 57 8 21 53 83 96 87 82 48 44 94 37 2 84 41 91 98 38 74 97 98 56 74 88 96 68 81 41 43 69 45 14 55 33 30 79 22 89 33 90 9 30 75 85 100 81 29 17 54 41 21 97 94 96 43 13 40 24 37 63 2 26 9 91 2 56 57 54 85 70 55 23 24 51 44 50 47 31 30 58 8 51 5 21 66 15 87 19 73 30 3 38 63 14 14 13
