100 100
31 13 74 63 34 38 69 34 46 1 36 36 74 90 25 84 96 65 4 81 7 17 26 16 30 27 60 46 33 55 57 89 18 78 55 32 20 65 71 44 30 75 69 16 36 88 49 1 72 12 38 32 40 41 71 43 57 54 41 39 86 69 51 86 11 50 85 69 57 99 100 98 49 93 45 60 42 7 91 9 53 73 22 88 26 34 10 33 81 30 73 52 32 49 93 24 9 11 50 55
8 89 80 78 95 56 22 59 67 71 80 32 91 57 35 96 71 65 28 34 87 24 33 43 53 92 76 32 32 11 93 82 51 71 28 11 28 56 53 46 40 41 26 69 92 76 2 73 93 62 36 10 47 23 56 32 8 56 62 72 71 20 22 29 87 7 66 26 26 56 29 64 97 66 81 47 97 57 87 29 74 82 39 2 96 57 20 55 54 18 82 5 92 70 17 47 39 98 83 85
48 26 37 56 85 57 11 64 63 39 79 40 100 61 1 33 46 95 4 31 71 35 18 76 38 61 57 14 87 67 4 57 39 98 98 81 23 19 7 1 22 40 20 50 73 99 51 19 53 13 36 73 64 88 40 59 26 100 11 36 61 40 49 5 87 2 90 17 57 67 40 69 53 58 56 1 33 77 81 32 44 78 36 43 9 6 80 69 87 10 83 13 16 40 89 62 89 42 74 26
84 55 26 100 40 28 12 59 38 50 6 89 81 28 12 32 50 10 43 30 13 42 86 92 26 41 75 94 30 91 51 2 88 40 29 69 51 2 72 97 34 64 58 72 70 84 39 14 54 8 84 35 89 32 54 97 85 5 62 14 2 74 40 98 85 87 100 96 46 66 99 14 30 99 33 29 43 41 38 71 87 14 67 23 78 22 91 74 93 53 73 98 4 35 36 28 19 4 46 63
43 29 12 79 11 30 40 54 89 92 12 26 60 39 4 16 48 55 9 42 78 34 50 92 46 60 95 6 43 51 48 71 32 48 47 11 62 24 39 26 31 67 93 90 76 69 94 91 22 25 49 16 25 60 98 33 91 85 23 24 73 10 21 77 99 46 40 52 73 10 98 9 2 43 43 80 84 61 41 98 1 89 4 12 21 87 17 6 33 87 69 37 99 51 46 6 61 59 49 86
85 36 58 62 57 36 18 45 80 93 62 2 20 41 51 70 98 59 20 36 40 6 26 11 5 89 99 61 56 61 30 52 1 19 64 94 46 63 2 1 26 34 45 6 15 83 70 77 44 49 15 15 47 29 64 78 43 31 93 17 45 94 7 95 9 27 18 50 29 17 72 61 46 79 74 96 20 51 96 35 94 28 18 33 73 44 11 49 17 60 49 40 98 58 46 33 3 37 73 17
53 26 79 49 35 69 2 64 96 96 89 6 89 10 6 28 92 54 11 88 73 19 21 88 11 56 100 8 80 13 90 29 15 46 30 86 96 45 23 73 20 72 81 78 22 23 85 3 74 73 10 36 36 95 20 76 78 50 96 58 77 42 1 27 60 18 75 35 96 93 31 66 42 99 87 64 64 91 69 40 38 26 30 67 14 53 3 8 75 29 13 24 67 99 34 49 1 61 90 83
32 86 53 14 65 8 26 46 32 34 79 88 51 87 82 51 49 11 90 9 49 7 96 88 28 7 71 49 70 10 37 91 4 1 32 25 46 56 68 86 56 79 59 84 67 68 36 94 26 89 80 90 75 38 18 29 23 59 62 11 19 14 10 71 80 11 36 71 26 84 46 86 85 8 24 4 19 37 29 34 47 13 44 53 27 53 33 89 4 92 55 28 100 82 53 40 35 98 80 4
93 32 55 35 47 77 39 7 74 33 11 89 44 74 53 71 9 36 71 4 32 49 95 1 10 57 61 9 28 85 9 24 63 63 72 95 14 63 28 79 6 67 95 76 13 98 15 52 7 45 98 28 95 63 1 62 96 47 50 37 28 94 53 19 73 87 28 75 49 3 86 70 42 32 68 46 11 9 49 88 57 7 96 34 61 49 96 51 77 63 66 56 91 84 42 54 19 54 31 31
24 65 57 66 95 85 64 43 68 65 88 80 100 89 38 33 91 1 98 50 82 79 95 3 98 51 97 81 37 50 88 9 4 25 78 86 27 50 33 46 5 50 46 70 86 56 57 35 65 90 87 13 17 38 87 35 66 68 25 52 50 23 97 84 79 2 11 71 18 89 8 10 27 28 18 100 67 88 25 2 54 4 43 56 39 36 4 57 9 48 69 87 6 89 89 77 100 83 60 14
1 51 24 42 16 44 57 88 96 37 44 68 49 61 16 95 95 21 44 93 93 92 25 100 28 84 53 39 98 93 68 86 42 52 31 61 41 33 11 77 4 22 80 35 79 43 49 58 46 95 52 93 58 51 34 93 60 12 87 81 66 93 91 58 86 17 4 30 9 78 55 30 33 24 84 29 90 86 32 95 11 83 57 70 59 92 94 85 89 3 24 31 96 48 100 68 6 14 66 2
72 10 88 20 61 89 35 37 80 26 9 48 55 28 47 42 23 92 15 43 73 54 98 65 82 39 86 68 50 8 84 12 90 28 6 41 82 82 86 19 97 14 8 25 58 11 12 11 58 8 45 77 81 30 14 38 95 88 34 90 84 68 46 12 99 16 55 46 33 17 82 78 1 78 37 4 59 2 100 2 79 81 38 61 2 51 58 56 6 11 83 56 42 92 71 34 16 20 87 86
74 84 35 36 78 45 40 73 74 3 71 87 44 16 22 44 80 93 9 1 94 36 66 10 8 20 43 48 9 97 22 80 14 71 72 67 65 68 79 74 89 5 74 33 54 73 84 71 4 97 2 69 77 10 5 68 39 37 46 4 74 4 16 29 16 96 78 20 98 79 23 52 66 46 98 85 13 92 38 93 5 21 94 26 29 11 29 54 50 32 94 63 61 70 18 75 1 15 6 46
72 29 2 4 46 78 96 33 28 29 14 55 60 76 79 14 61 31 21 3 87 43 50 16 55 93 36 23 49 15 49 37 98 20 34 84 91 28 72 78 51 4 60 16 42 90 21 84 15 30 34 65 34 39 5 37 64 77 74 27 27 97 31 73 6 80 80 83 16 51 37 14 47 56 50 2 14 26 16 8 15 93 7 28 35 59 55 29 78 91 46 7 39 24 55 46 24 87 84 70
40 30 18 93 78 46 58 43 24 93 90 41 52 38 28 29 64 32 47 1 86 59 60 34 66 51 8 1 91 45 5 89 21 50 38 22 59 31 87 71 6 66 4 93 19 88 63 64 92 96 16 11 71 18 69 8 40 76 69 12 45 33 6 39 52 61 32 24 2 13 90 55 81 35 49 29 15 1 51 90 70 92 82 99 28 96 38 71 16 84 22 99 99 42 51 55 23 74 69 51
42 21 31 93 20 92 5 43 31 46 86 98 88 5 93 72 66 19 45 15 59 61 62 53 14 68 55 91 56 82 12 41 66 48 60 58 46 54 48 12 8 15 83 36 89 98 42 12 15 7 37 32 74 69 75 62 21 29 13 58 4 28 58 62 68 75 20 61 43 55 85 86 80 75 94 52 52 88 66 25 71 39 51 72 96 48 80 48 70 63 60 12 55 56 41 84 24 54 94 37
23 21 87 52 56 61 85 51 10 24 33 43 44 24 98 16 9 51 6 57 74 66 67 23 94 40 93 61 64 32 26 2 2 28 23 41 34 76 43 14 37 75 50 97 87 5 36 56 62 94 81 91 56 82 14 86 47 60 19 65 95 11 71 99 90 93 25 41 63 74 77 13 69 55 12 66 41 47 23 42 87 5 90 50 42 5 24 1 16 4 63 36 28 17 77 19 85 78 67 88
39 90 37 57 80 83 23 15 88 22 27 65 84 15 66 73 51 51 92 62 73 31 57 67 46 18 35 10 49 15 95 40 55 78 98 67 9 82 65 57 8 99 19 16 94 72 35 99 18 98 9 2 87 10 54 73 14 11 9 15 4 46 34 70 98 1 2 92 69 84 41 100 77 29 38 40 29 90 81 51 37 13 19 13 79 41 12 70 34 68 67 22 70 13 76 58 36 91 69 12
30 88 21 26 24 37 29 49 37 95 56 95 89 36 24 28 1 30 16 38 100 78 61 41 31 34 96 89 89 91 44 8 96 40 80 97 37 13 33 23 1 15 62 51 15 29 42 65 46 18 56 4 22 92 21 3 48 32 96 91 23 1 81 89 45 50 37 17 89 1 86 92 69 43 48 23 66 18 84 54 27 92 95 62 52 43 28 95 47 7 48 57 36 42 79 57 93 60 93 20
23 79 70 20 6 77 15 32 29 21 82 24 8 63 64 37 6 32 99 77 75 76 16 85 41 27 12 45 71 12 64 89 69 62 54 95 49 17 53 32 13 69 87 80 92 91 23 27 50 15 65 66 67 2 74 54 88 30 19 8 98 84 56 90 66 55 69 90 24 13 60 16 51 10 96 69 97 19 51 12 63 35 62 24 54 45 34 100 45 90 48 9 49 68 68 93 41 51 22 67
91 33 7 35 6 46 98 58 80 47 43 93 20 12 90 82 31 74 4 85 4 52 38 16 85 67 43 88 68 41 93 3 48 94 84 82 96 1 34 54 2 13 90 38 46 29 30 87 76 86 64 97 99 24 97 34 35 56 32 8 78 9 63 40 95 33 27 20 100 83 62 90 25 10 100 28 7 3 79 92 98 49 21 100 35 74 52 56 33 1 62 95 25 96 81 28 59 80 43 25
17 36 28 12 9 73 74 88 35 51 50 29 2 76 58 91 15 82 85 81 98 52 51 7 82 20 26 10 11 95 84 49 9 45 30 5 20 35 27 69 30 44 1 94 26 96 67 60 80 71 73 57 8 83 25 28 58 50 32 28 28 27 1 57 52 38 79 48 2 52 10 25 54 2 9 33 29 36 1 68 71 3 52 23 32 69 75 40 53 5 2 15 92 66 11 3 42 73 82 13
74 12 74 64 21 62 53 70 80 5 31 69 15 17 17 85 33 6 80 13 65 32 63 28 80 99 35 19 67 66 34 52 57 42 2 59 24 79 16 53 71 61 10 77 40 100 57 45 82 6 80 15 1 97 70 91 28 23 23 53 72 62 32 100 4 79 59 33 44 60 47 92 17 49 19 4 65 19 90 60 41 100 61 44 7 66 56 45 60 75 10 45 12 91 5 32 95 69 66 86
25 20 20 50 96 49 74 96 28 42 56 65 19 69 54 24 84 8 58 45 81 83 69 56 53 41 58 85 29 89 46 95 1 1 54 24 65 28 6 12 29 44 12 50 23 22 53 66 55 6 42 1 15 88 48 2 46 88 11 99 87 47 8 70 55 7 73 92 85 62 13 39 78 53 53 3 3 25 99 34 72 10 6 33 51 96 62 63 90 34 60 78 23 59 64 47 18 8 62 52
33 80 73 54 51 34 57 90 72 26 87 97 57 95 62 42 67 45 41 99 75 5 72 70 86 85 60 74 5 31 47 7 46 12 6 85 72 64 85 87 19 62 84 61 66 70 43 20 50 18 80 29 91 37 24 50 75 57 55 6 8 92 90 54 42 15 6 96 23 55 14 14 72 17 99 47 84 8 50 24 54 49 65 21 43 88 81 96 79 15 62 97 96 35 21 45 85 73 88 3
15 89 40 56 41 72 1 10 97 10 21 37 1 93 84 68 48 34 83 98 58 84 3 74 40 24 81 80 54 75 66 37 87 14 90 62 2 71 98 20 11 82 23 57 39 6 22 51 26 10 50 76 40 95 51 42 95 89 53 52 20 42 57 38 70 9 18 19 86 46 81 61 91 26 85 40 95 32 10 25 28 69 2 20 40 70 4 64 99 38 29 50 63 16 85 54 12 36 38 75
52 28 15 47 18 25 88 55 27 35 75 91 64 30 97 64 69 94 90 19 59 48 63 85 53 42 59 53 13 25 72 73 39 25 57 69 18 100 5 79 63 64 67 92 6 53 25 70 56 29 46 18 60 1 68 77 58 55 97 94 39 96 77 93 33 92 27 32 21 82 16 28 1 77 65 3 54 22 94 7 40 1 83 68 100 28 46 64 21 39 43 74 18 86 4 76 35 87 66 41
81 51 66 70 23 88 80 98 9 58 34 9 10 66 70 46 1 96 63 17 34 69 6 40 32 29 12 70 52 35 83 58 39 43 93 38 80 79 75 29 6 69 61 6 85 67 36 20 59 94 32 14 60 40 98 75 99 36 94 93 19 47 1 27 90 99 37 75 97 77 49 77 12 29 3 86 95 73 26 60 82 5 91 69 31 100 57 79 96 78 95 48 76 91 78 86 39 36 11 59
68 47 91 50 53 57 92 94 41 4 68 15 94 56 88 97 64 24 8 51 71 83 28 12 71 99 53 43 25 61 37 50 93 91 17 4 18 91 45 36 34 45 29 10 84 55 88 88 24 19 58 51 92 46 13 47 97 13 99 1 58 68 96 59 66 49 53 21 35 77 87 10 98 32 65 83 4 59 97 86 13 86 1 29 77 8 7 57 6 31 60 15 85 2 42 1 88 43 6 49
34 91 18 40 11 18 60 20 88 69 37 100 90 57 18 29 31 1 66 78 67 71 14 76 30 41 17 74 1 26 76 4 30 87 93 38 29 69 94 86 85 16 42 42 7 55 69 16 57 17 49 79 9 33 80 67 8 36 94 9 89 46 26 32 46 35 77 31 77 54 44 85 71 35 33 20 1 30 62 84 30 36 20 100 59 61 16 99 76 68 80 63 93 95 94 97 7 93 38 17
67 41 95 95 35 35 51 13 53 98 9 94 56 71 5 50 28 56 65 31 37 83 49 72 45 81 63 74 49 83 89 21 86 60 19 48 60 5 95 21 93 63 64 52 80 36 98 90 60 29 78 79 31 5 90 78 11 95 98 31 18 71 89 83 2 1 58 65 4 47 69 77 20 52 79 71 30 14 78 25 83 97 94 86 38 30 32 57 36 23 25 57 98 39 16 53 14 50 74 96
10 85 29 36 14 74 92 60 34 91 57 74 17 76 6 78 97 78 1 1 89 81 55 15 32 87 38 42 51 68 17 38 43 11 50 98 16 75 6 82 41 91 57 33 91 91 76 19 71 42 1 45 98 4 45 60 93 52 89 19 30 25 9 39 72 88 68 2 54 26 43 36 7 59 19 7 18 74 72 72 91 8 58 10 37 75 48 35 67 64 63 9 12 81 71 5 34 93 39 69
22 83 84 48 29 26 80 51 12 22 15 33 71 34 59 33 68 9 88 96 56 75 46 7 12 12 19 47 46 2 75 95 43 1 82 86 53 71 74 33 71 11 81 38 49 70 63 38 20 28 19 97 42 28 5 89 37 21 39 44 85 92 22 72 10 57 90 11 67 25 56 17 63 67 88 3 52 14 55 7 37 32 15 40 12 20 31 8 41 33 68 32 18 98 55 5 99 17 75 61
14 7 54 51 28 94 96 13 23 25 10 44 69 13 15 88 98 22 36 51 34 10 52 85 38 77 23 3 16 73 61 23 15 29 60 52 69 42 91 75 18 55 13 79 19 64 6 16 16 1 11 29 36 52 34 31 83 92 54 84 62 30 47 5 42 21 73 24 72 66 23 43 67 95 11 89 18 30 25 98 25 63 76 81 85 83 54 18 63 8 69 100 10 90 55 100 34 73 33 64
29 70 88 91 89 92 88 12 89 92 50 86 64 78 98 57 45 39 22 53 96 18 10 63 51 69 16 11 92 10 20 70 69 93 46 47 21 35 99 95 100 54 12 79 93 38 95 57 13 23 99 72 57 49 49 19 8 94 13 48 38 85 25 43 39 53 92 22 65 15 93 55 89 31 23 65 22 29 83 50 74 5 87 7 96 23 40 55 71 49 45 60 26 91 17 20 62 79 86 31
41 37 57 80 3 92 31 24 35 3 81 69 89 18 66 79 81 44 39 5 69 90 84 74 39 46 65 29 15 37 41 100 10 23 34 26 86 9 78 59 27 57 43 61 40 11 48 45 15 87 90 42 49 22 64 11 1 11 12 89 43 37 85 28 73 55 27 28 75 57 7 59 10 51 91 100 26 33 35 53 76 61 56 6 51 65 60 33 77 61 56 34 85 32 3 63 60 36 6 3
90 93 85 33 59 90 23 6 9 53 67 65 7 21 13 78 47 19 97 31 8 33 70 80 26 2 18 20 42 2 44 25 76 46 76 80 19 80 56 18 14 57 64 98 93 59 9 30 95 28 81 75 47 90 97 83 61 53 19 28 99 64 97 32 46 91 6 40 33 57 8 21 44 52 60 80 19 80 42 86 43 73 91 5 1 98 10 87 44 46 48 16 29 46 87 39 63 65 13 25
47 69 10 7 77 44 99 14 1 39 84 25 9 50 88 10 88 7 61 28 83 18 41 62 78 35 49 10 100 49 19 62 57 86 44 73 100 51 93 97 18 5 23 34 49 41 82 69 47 49 31 40 23 9 32 9 66 27 86 100 5 7 66 68 76 47 11 23 11 85 98 24 40 62 41 74 61 11 95 49 71 35 54 94 34 8 68 27 95 76 15 58 47 68 23 94 33 91 34 66
92 95 51 30 99 82 94 9 49 12 83 95 78 3 28 94 79 99 92 76 91 72 15 68 76 83 7 79 52 35 59 45 32 44 63 19 18 86 14 94 57 78 25 69 100 9 72 83 66 87 96 77 33 64 81 96 65 15 98 25 95 56 51 67 34 89 37 10 66 69 14 49 73 95 26 7 42 55 3 90 33 4 13 33 18 37 36 84 2 71 8 34 90 22 72 18 83 89 24 73
46 67 34 37 96 17 71 26 56 19 93 25 5 21 18 6 94 16 19 7 6 69 28 13 3 66 40 40 58 19 51 32 48 9 32 84 68 30 77 71 41 63 27 50 8 85 89 38 44 86 99 35 62 29 40 25 80 35 48 90 12 53 46 62 13 11 90 46 61 76 79 92 58 70 19 50 9 71 16 12 80 94 49 100 94 50 74 11 74 14 64 68 54 32 41 70 7 15 6 21
88 16 61 86 17 69 89 31 65 70 2 22 94 37 16 55 40 23 70 35 32 56 53 100 6 6 73 37 92 5 97 1 89 92 50 9 51 13 32 14 52 99 10 1 66 10 26 68 24 5 81 37 8 52 71 86 23 2 60 14 28 29 69 97 13 51 100 89 60 99 12 32 21 92 85 56 84 82 26 18 55 5 50 84 13 50 28 37 63 85 61 69 15 93 51 96 47 28 12 43
60 70 21 19 59 17 43 77 46 39 81 33 95 72 42 99 41 55 36 17 66 12 20 44 25 70 20 13 64 44 72 7 65 46 87 42 27 68 28 55 9 41 50 18 26 41 15 59 93 83 33 50 50 81 40 1 94 55 42 5 46 86 89 30 38 50 22 9 35 88 31 59 56 43 90 22 83 66 79 7 76 87 67 51 57 56 27 29 16 62 86 46 83 77 72 34 97 81 75 7
60 73 24 6 58 2 29 2 86 24 51 60 28 47 18 33 10 65 37 55 72 71 77 85 85 11 22 87 44 63 57 9 72 41 18 6 4 79 80 66 26 76 18 31 98 30 48 22 94 45 40 43 27 81 75 56 45 58 58 61 82 99 98 95 100 70 98 69 95 20 32 39 3 43 69 63 77 22 75 99 1 55 92 23 54 55 20 93 10 9 15 93 39 13 86 15 85 67 42 12
11 5 48 45 86 20 6 69 64 16 52 23 10 64 23 13 81 19 22 84 81 75 7 13 32 77 71 56 3 72 47 42 30 30 66 15 48 71 16 42 83 27 86 39 83 81 21 89 44 83 2 99 39 74 27 29 35 63 9 90 60 30 15 73 32 87 94 79 83 98 68 68 93 38 53 67 26 1 23 39 50 4 27 72 94 94 64 51 87 52 74 12 10 91 95 67 69 21 25 24
22 36 33 87 64 20 89 17 78 4 20 78 26 26 62 8 84 97 90 76 61 29 69 65 86 5 50 52 80 26 42 57 37 37 93 41 85 35 62 74 30 92 63 85 5 70 53 37 98 40 47 95 84 81 18 44 97 69 14 91 51 80 19 78 41 6 73 3 34 19 11 70 89 32 66 41 75 64 42 54 82 49 94 80 80 13 83 58 80 86 14 72 99 59 39 22 29 76 57 7
96 72 6 17 1 39 84 30 99 86 98 47 75 91 54 92 83 35 18 30 43 58 5 89 1 73 5 18 38 84 12 34 54 89 82 75 12 70 27 86 34 44 19 61 12 13 22 53 92 69 71 76 61 79 8 84 46 57 51 99 37 16 91 19 20 31 18 13 81 86 29 4 58 51 58 20 81 19 56 67 77 14 14 37 23 89 63 14 39 45 47 27 47 7 32 21 13 24 40 7
79 89 81 55 37 40 35 26 35 51 83 75 18 76 29 45 100 18 50 49 83 44 35 80 22 40 72 73 70 43 4 55 87 2 92 66 64 94 22 87 12 87 57 75 77 22 39 23 78 26 55 15 5 2 3 74 28 21 18 30 74 80 23 65 60 83 95 28 34 95 8 37 8 86 85 94 82 56 71 76 1 93 56 93 50 23 52 18 94 32 44 41 73 21 14 34 26 52 81 26
100 11 85 13 14 12 88 97 11 81 86 71 7 2 61 45 19 48 98 47 2 4 6 29 86 27 60 41 16 4 75 71 45 20 82 65 9 73 44 89 62 98 27 76 79 76 7 92 98 96 17 52 97 17 72 31 16 14 92 51 33 60 48 49 92 62 89 45 31 85 82 98 100 52 46 52 95 64 54 38 90 3 64 45 62 73 94 95 35 64 81 32 41 85 66 48 63 12 78 39
28 37 13 34 75 79 74 25 13 14 17 85 1 30 47 9 94 37 48 25 13 57 14 88 17 10 100 84 79 18 32 32 3 49 24 71 21 32 78 77 100 1 21 14 86 68 82 85 34 1 45 100 21 71 74 46 16 30 73 98 40 95 41 39 67 66 86 48 89 58 36 46 93 91 74 2 12 36 8 38 49 25 72 65 79 79 65 91 62 2 21 35 38 63 31 87 100 23 82 98
46 87 68 82 2 14 88 44 23 96 37 13 48 11 17 59 77 57 17 86 77 55 69 82 6 48 61 47 46 13 64 20 76 12 21 8 19 48 78 81 63 18 42 8 8 54 24 92 32 74 14 100 35 18 30 18 53 15 28 1 41 87 44 48 86 53 8 84 36 99 33 38 78 100 37 5 29 69 46 47 45 98 61 38 61 57 3 47 76 62 59 37 70 13 83 5 58 14 60 93
40 69 87 73 76 65 99 29 54 54 49 83 35 69 36 94 13 87 8 13 59 60 2 83 36 61 68 14 38 43 53 7 40 82 80 73 47 73 76 85 87 66 82 99 61 54 42 97 8 82 89 30 59 77 78 67 43 60 53 9 94 42 25 72 11 63 60 54 63 100 45 100 8 43 86 14 30 7 77 71 82 90 20 36 62 44 1 64 35 94 5 4 13 80 58 96 24 72 91 11
93 59 13 50 95 70 94 38 58 24 47 40 54 55 59 56 74 6 99 30 87 35 16 71 5 97 45 22 37 76 74 74 81 28 97 22 36 3 48 83 1 39 87 93 49 27 98 2 72 85 22 6 95 37 1 32 70 25 60 65 41 54 25 11 18 42 60 89 18 35 73 89 6 89 68 51 22 21 74 31 46 27 41 63 6 79 39 99 27 60 76 59 66 59 66 29 75 16 43 85
39 58 86 76 5 86 91 6 26 60 3 63 78 9 95 80 98 2 52 47 16 53 4 17 21 13 82 12 82 72 24 78 44 78 82 77 43 13 3 14 45 19 29 97 87 22 10 78 69 33 24 10 67 47 100 64 22 53 40 1 94 70 92 17 31 61 70 27 30 51 58 74 81 43 56 69 99 40 24 81 49 54 69 96 18 17 82 36 55 7 82 87 13 64 76 86 50 79 65 34
70 90 49 44 98 24 9 4 98 31 87 68 75 26 61 60 53 60 79 18 47 84 82 74 66 66 96 77 33 52 72 95 35 53 45 80 49 77 54 43 70 73 15 74 36 28 29 70 40 54 15 19 74 89 76 24 25 72 47 22 96 37 25 10 88 94 9 82 25 59 24 92 98 81 57 6 81 35 42 62 93 58 21 26 20 13 40 93 93 64 40 64 27 71 85 90 47 83 41 33
82 12 34 84 8 85 94 33 41 46 68 3 23 9 94 35 48 56 23 92 2 64 16 37 97 60 63 36 42 22 53 47 22 47 52 33 51 21 92 41 81 88 24 9 56 35 14 63 85 23 20 11 41 73 20 42 90 68 64 93 82 8 37 31 3 90 95 79 87 72 91 20 11 96 49 57 29 38 23 73 3 13 14 64 96 76 30 96 79 31 42 64 44 28 20 24 66 2 65 7
62 58 93 76 70 23 95 8 13 11 45 90 18 76 72 51 85 97 65 28 37 6 9 91 20 14 88 55 40 92 1 71 60 72 24 85 28 35 27 71 65 91 44 13 58 81 85 72 30 86 63 69 67 100 44 7 28 76 54 65 38 91 90 53 60 48 56 73 100 51 91 38 49 59 26 56 21 15 63 11 52 25 80 63 2 98 77 42 93 44 58 4 97 42 77 28 100 25 8 60
27 18 4 68 29 100 86 17 66 3 63 67 81 73 60 98 43 77 16 63 10 78 9 11 38 54 2 21 27 11 92 83 77 7 6 73 33 26 11 20 67 84 70 99 5 89 24 4 35 97 43 81 81 97 42 57 70 49 85 65 20 27 58 14 50 24 9 53 13 69 21 88 68 68 8 76 67 27 71 85 57 48 48 95 44 13 6 88 43 91 61 4 23 15 57 29 63 87 22 12
2 55 82 2 26 36 90 64 69 54 57 75 65 61 67 7 80 66 34 2 57 42 84 60 24 98 40 31 80 37 89 62 96 14 82 39 71 51 90 88 92 27 75 87 92 58 79 94 88 77 3 43 18 24 42 78 60 63 64 59 79 80 70 1 95 37 43 42 34 56 8 79 50 80 16 46 32 72 24 50 46 70 98 73 5 64 28 89 56 61 56 66 67 51 72 43 55 25 90 51
10 71 49 49 1 18 38 1 74 56 7 33 19 4 99 71 15 83 22 54 68 34 14 91 64 70 81 73 61 24 55 30 91 95 28 42 34 97 2 67 8 57 77 57 24 5 45 46 53 54 97 47 97 1 5 71 37 10 25 74 93 57 97 64 54 26 43 5 79 8 14 93 3 85 69 40 36 21 64 87 80 88 71 22 72 31 3 46 50 71 91 19 41 5 52 50 45 24 19 75
51 7 98 1 71 69 16 2 42 69 24 81 21 49 23 57 13 48 67 94 43 54 91 20 42 75 100 17 88 31 98 93 82 100 41 10 59 21 28 71 19 27 42 55 94 84 33 61 73 72 5 49 79 27 53 72 86 16 3 9 50 66 46 12 69 92 55 38 41 66 60 6 87 55 88 13 81 61 42 14 85 32 35 1 76 14 2 1 73 74 34 84 55 9 94 10 70 10 58 100
47 47 86 51 80 84 26 47 85 31 19 48 45 97 4 36 89 61 38 18 16 12 45 30 14 43 94 43 97 71 5 8 36 47 78 41 92 44 85 47 16 46 49 86 34 13 65 60 24 61 94 26 99 46 38 73 3 84 30 92 25 38 60 27 85 45 18 82 55 92 91 52 37 81 72 29 3 26 50 88 77 43 99 51 32 8 27 32 30 7 63 4 52 10 42 24 45 23 25 20
88 64 47 24 30 24 58 76 56 2 44 96 66 62 22 13 26 46 46 97 27 32 95 55 62 96 14 31 39 87 73 28 38 13 36 25 23 72 56 44 51 16 63 100 12 65 91 94 80 53 53 30 2 9 26 24 91 84 87 31 85 77 76 5 77 99 33 38 72 79 2 18 74 97 93 60 84 76 14 85 41 30 88 2 52 49 68 4 59 34 62 75 61 37 65 80 86 62 9 53
20 70 48 11 55 58 94 66 77 69 41 57 73 94 85 17 53 16 28 95 72 83 23 47 79 77 88 64 19 11 33 64 27 99 68 73 68 34 6 34 75 20 100 76 99 18 5 33 4 23 7 36 59 22 47 78 25 80 64 79 11 20 59 21 87 26 43 2 81 48 40 89 6 60 39 98 92 58 86 7 12 25 32 9 44 5 24 81 36 20 65 37 60 9 81 31 87 29 59 22
94 13 70 17 30 86 43 90 22 48 32 49 40 20 14 35 84 49 29 57 63 28 27 1 18 78 91 52 22 72 24 71 26 7 53 47 15 22 15 69 78 69 7 94 2 45 83 12 20 95 95 17 33 6 98 39 87 72 42 49 52 45 95 76 18 88 64 84 34 70 92 10 93 73 5 83 66 51 82 56 41 96 91 99 28 13 89 96 47 4 59 22 89 96 62 6 66 2 71 69
94 80 4 100 10 17 92 86 62 52 97 29 87 100 99 11 51 56 62 38 80 30 57 37 3 60 60 60 48 12 44 58 42 36 96 62 3 94 12 61 72 8 56 71 100 6 98 94 80 35 9 58 62 21 30 1 52 34 37 17 50 54 93 11 82 76 7 51 11 72 82 91 73 32 15 65 86 94 40 89 38 99 32 4 6 38 20 40 83 8 15 64 87 87 9 19 94 24 29 39
99 16 27 69 79 9 19 60 69 69 45 91 26 11 36 48 3 30 100 89 41 60 33 23 99 50 91 68 52 93 67 71 99 63 27 34 35 43 77 57 69 51 68 16 61 45 77 16 47 57 50 91 10 75 85 16 11 59 80 32 35 90 74 80 69 63 55 37 4 63 67 17 21 5 88 28 33 45 18 53 78 90 35 38 20 72 74 50 37 39 22 6 57 78 65 13 43 79 5 26
75 69 13 15 47 73 31 96 58 75 73 86 12 59 58 63 88 20 2 9 64 15 27 2 86 78 3 58 99 72 76 55 46 11 90 42 14 22 55 13 98 52 30 45 81 41 41 14 56 68 76 6 79 57 97 68 60 98 25 60 98 24 53 21 75 8 53 1 7 1 31 75 47 26 28 75 18 52 72 51 82 73 19 70 40 12 79 87 5 65 51 35 30 17 86 76 39 20 81 89
13 29 24 28 80 14 64 33 95 77 45 83 9 25 24 19 47 86 62 13 53 74 35 18 66 83 99 66 90 72 65 16 81 75 42 73 50 72 35 32 66 77 80 75 72 44 22 9 92 56 43 5 58 65 94 66 83 91 74 87 33 16 66 99 32 36 34 11 73 81 41 37 3 69 97 14 36 18 12 64 72 5 44 12 10 58 47 11 30 4 21 41 87 91 67 62 14 73 48 37
55 1 23 37 77 29 68 22 31 71 54 76 38 17 54 48 4 80 77 55 54 93 47 19 95 95 74 60 89 65 91 30 72 43 17 90 55 49 43 76 32 58 55 4 82 85 98 77 57 92 15 72 3 28 6 52 95 72 89 31 53 5 43 84 27 80 44 80 44 56 48 21 68 90 31 79 80 28 6 65 21 21 22 58 63 5 10 85 68 77 52 33 87 50 65 97 30 4 70 11
27 100 92 10 90 31 57 7 69 51 89 30 76 96 16 8 82 79 74 74 79 87 2 36 68 59 9 19 41 18 36 43 4 9 59 62 7 2 7 10 73 72 26 35 60 71 7 78 53 43 71 15 46 84 19 2 12 15 92 87 57 10 89 12 62 63 43 82 36 81 6 20 2 47 7 81 9 92 84 71 73 22 3 11 47 13 66 16 65 64 40 30 73 23 6 44 77 26 14 69
68 6 99 56 26 49 85 65 7 8 16 65 71 32 76 93 3 72 42 19 50 71 65 48 31 62 40 5 26 31 76 28 40 9 69 43 48 25 43 4 58 47 3 5 47 17 60 97 9 69 32 54 99 50 95 85 30 58 92 49 48 35 74 84 99 59 71 92 50 20 97 96 40 57 18 58 85 27 12 20 99 48 64 29 8 47 9 22 90 99 9 5 91 22 73 89 68 7 45 92
15 27 72 19 7 40 3 72 64 29 25 75 48 21 86 96 82 30 15 87 99 80 3 39 88 48 15 68 38 14 77 87 45 81 31 75 31 89 83 4 23 63 80 13 100 72 93 66 82 58 49 35 45 51 42 7 87 89 92 76 24 78 26 22 40 97 53 56 43 61 88 73 1 76 70 43 58 14 40 50 47 33 93 34 35 90 59 53 52 26 28 64 32 97 85 68 8 73 84 30
85 31 47 26 31 48 30 37 93 50 24 100 1 75 26 19 71 9 73 94 80 26 77 31 35 85 57 43 92 24 70 68 54 89 95 76 6 10 60 29 14 14 67 12 85 67 52 46 19 74 96 22 67 17 3 36 38 91 84 61 85 69 88 67 58 56 16 62 14 7 17 92 61 98 70 48 47 7 29 78 71 32 100 41 91 37 48 62 49 52 63 65 73 24 25 63 20 95 40 97
53 8 24 57 20 100 61 96 63 100 87 90 56 57 2 6 89 78 81 60 72 69 12 81 33 61 32 67 83 39 80 61 72 51 57 14 66 4 82 14 36 30 11 63 70 100 61 55 46 40 6 52 42 91 49 2 58 65 82 40 84 32 75 78 66 25 21 12 76 73 41 33 98 99 49 57 99 75 69 67 67 54 100 5 84 27 4 70 8 42 7 87 63 91 20 72 8 96 70 88
5 69 11 36 98 74 27 72 35 13 26 27 75 24 90 97 70 83 77 78 15 3 94 66 31 3 94 62 66 47 59 52 2 4 70 23 6 44 68 37 47 47 14 18 44 27 32 81 29 45 62 67 93 86 7 94 99 71 20 26 49 96 87 75 97 10 59 25 22 79 23 83 52 42 36 68 13 84 18 84 25 76 7 24 49 78 84 10 69 22 70 8 93 72 40 81 7 96 44 51
78 71 21 71 1 3 85 18 57 50 87 63 91 11 96 38 58 92 34 36 79 96 2 70 88 7 84 76 19 66 33 46 29 94 62 46 98 19 99 56 8 35 58 43 1 14 5 94 36 92 73 12 49 88 72 62 55 73 35 46 1 70 94 71 94 16 76 26 98 52 76 17 4 91 3 46 1 14 68 23 14 18 2 33 60 44 55 40 51 47 64 82 6 24 86 8 77 56 47 19
36 13 51 65 47 41 77 31 52 6 49 83 35 55 2 55 24 32 68 77 4 81 82 99 21 72 78 74 29 38 22 1 61 25 36 78 19 84 51 82 37 12 66 18 73 77 21 85 21 84 42 88 86 70 9 82 56 35 54 77 49 24 5 43 32 81 83 55 48 1 77 55 23 70 86 2 96 93 31 60 60 18 61 47 46 50 62 44 85 90 98 51 69 42 25 16 41 70 31 74
85 45 46 33 98 19 32 19 45 17 86 13 73 23 78 20 98 32 20 68 67 87 62 61 27 50 49 88 49 71 15 80 99 52 49 57 29 5 40 96 5 30 33 97 80 78 24 83 90 70 15 52 30 27 77 89 65 96 33 61 39 37 61 24 4 95 51 5 26 13 77 60 41 27 14 6 84 25 90 97 78 82 55 7 56 32 89 61 82 42 66 35 47 71 59 97 34 82 37 18
38 95 100 91 44 22 10 84 89 89 57 11 51 93 19 29 79 87 93 64 16 65 46 68 16 35 37 97 52 98 30 60 64 30 92 17 85 61 78 97 27 95 42 54 87 71 94 72 35 23 8 94 93 46 19 82 83 78 50 65 92 70 29 60 50 21 65 74 6 39 18 34 53 9 53 83 20 25 47 25 28 19 89 43 58 17 45 58 95 55 58 22 11 67 23 56 37 24 46 55
96 100 40 99 37 79 55 54 87 4 62 35 68 21 56 51 52 65 12 66 68 50 72 88 59 100 7 46 41 94 60 40 28 60 98 26 56 45 25 59 50 11 79 6 62 77 29 12 45 71 68 80 78 43 36 35 1 39 32 37 51 59 14 9 53 1 34 33 2 21 15 38 67 20 96 5 31 7 53 8 12 67 40 54 65 21 20 47 10 65 96 34 45 55 6 14 73 85 34 72
95 3 71 14 9 98 6 14 51 85 21 67 38 94 55 65 6 58 31 89 20 67 100 67 2 55 13 53 84 75 33 97 82 15 83 83 64 45 72 47 84 59 57 80 57 25 37 63 43 89 83 41 42 55 92 36 46 84 66 20 72 96 8 61 57 52 88 35 25 18 7 53 6 29 60 94 11 91 86 7 18 87 63 20 45 23 62 42 42 14 74 70 39 21 97 6 3 20 57 30
77 76 92 27 37 58 70 64 94 7 77 20 58 75 38 66 11 86 65 13 91 53 93 67 59 89 94 1 45 68 21 43 39 27 67 9 45 52 28 82 15 19 68 81 15 21 9 11 66 78 76 79 70 92 16 32 26 40 51 3 71 88 75 77 46 20 38 89 37 90 3 35 70 82 100 90 14 19 98 35 19 69 17 50 24 91 32 56 95 80 24 64 11 2 97 51 4 86 78 78
21 2 4 14 90 70 62 28 16 55 40 11 52 1 25 23 26 14 52 70 51 30 10 36 27 13 93 7 97 7 59 40 1 52 59 16 65 5 61 32 12 43 40 11 8 55 79 22 81 86 43 97 11 42 63 43 15 54 81 67 54 73 64 29 2 86 9 12 65 13 28 46 92 29 53 100 15 94 2 75 37 47 50 52 30 15 47 47 25 92 53 67 16 72 20 83 75 15 88 86
28 78 87 3 88 77 71 93 13 32 85 12 95 96 8 2 26 28 37 60 33 20 59 22 87 99 43 69 91 11 57 60 49 96 75 30 4 62 33 87 60 42 8 78 37 39 63 42 89 41 48 82 78 35 17 15 13 83 95 1 99 72 90 35 59 73 67 92 42 13 60 13 77 31 97 75 1 26 87 5 2 10 64 89 5 84 6 62 12 21 56 27 62 91 2 95 6 66 98 7
37 49 9 48 4 23 45 38 38 17 85 77 71 34 24 96 9 95 57 9 49 36 37 19 50 86 74 100 100 92 69 51 98 14 93 30 41 38 44 59 46 14 74 34 52 10 19 89 35 11 19 14 99 62 66 91 87 99 24 88 97 18 84 97 81 46 32 35 41 13 16 59 23 6 58 52 5 48 83 29 69 97 64 52 15 86 33 7 36 88 91 80 66 11 92 77 15 32 10 26
76 96 71 91 22 22 59 95 74 74 58 38 100 51 77 87 94 97 85 66 77 7 13 34 67 19 21 1 65 66 82 41 94 66 62 5 15 9 44 8 50 57 66 2 50 42 74 36 38 55 42 50 34 56 1 31 86 23 92 74 61 63 97 62 77 54 45 59 9 89 30 87 97 74 19 4 64 20 66 3 21 91 32 6 39 41 58 78 54 23 17 15 51 70 70 86 16 47 78 64
48 92 92 53 40 43 65 30 70 41 73 82 26 54 50 70 46 27 25 70 6 18 13 67 11 93 78 73 82 11 47 98 40 93 2 36 3 9 19 6 18 62 88 100 60 19 36 14 16 73 91 38 11 42 30 70 80 7 33 67 2 86 51 23 81 52 83 39 2 49 51 75 70 31 30 100 97 5 5 7 50 54 26 21 41 21 77 23 59 57 58 72 72 30 3 11 21 22 93 46
44 15 58 21 65 12 13 99 70 95 65 55 5 44 97 11 92 37 22 12 51 2 36 57 39 48 83 17 22 53 82 39 82 83 47 38 73 34 51 98 61 45 83 34 63 67 21 93 63 93 26 30 80 71 64 61 63 95 40 70 28 97 73 65 57 18 26 30 37 93 81 10 10 63 18 36 70 73 89 38 91 54 89 98 64 12 11 3 63 88 32 68 46 42 11 93 4 98 11 45
7 69 29 63 54 82 77 35 84 25 13 2 86 18 82 12 18 86 20 80 11 20 75 49 66 15 9 38 49 58 99 26 43 84 46 68 72 89 26 71 81 4 35 62 56 32 76 54 8 18 17 7 5 74 95 13 49 90 69 1 66 34 28 61 40 85 65 43 36 78 26 3 29 92 96 39 40 2 60 64 9 21 22 17 8 91 46 26 36 27 43 83 25 94 69 11 88 48 39 63
83 77 19 72 81 99 43 25 13 28 77 45 90 74 34 83 74 51 21 72 50 19 20 26 70 41 59 5 7 63 87 86 3 72 61 9 33 78 96 75 95 28 81 40 73 22 9 65 76 98 32 8 30 42 77 3 67 32 80 56 22 10 15 97 16 49 100 22 25 48 16 44 48 59 5 1 9 38 75 65 70 48 63 14 89 92 86 35 43 77 19 63 19 50 61 10 56 52 59 65
73 93 61 64 25 93 42 13 15 99 77 73 96 39 57 28 1 28 58 76 91 45 99 44 98 29 28 94 9 49 56 29 88 39 87 96 65 100 43 11 3 27 82 58 2 9 73 19 42 98 36 42 24 48 44 51 78 22 39 71 46 36 92 6 82 25 92 98 49 2 58 18 31 89 53 64 6 17 75 33 44 52 23 63 50 12 28 76 64 69 95 27 18 80 68 31 18 81 4 20
69 39 45 24 11 38 2 53 75 46 61 24 4 38 41 80 84 57 1 65 28 32 18 19 100 66 75 53 57 95 29 10 67 72 92 13 47 82 16 55 26 11 9 67 7 34 54 29 36 42 23 89 43 44 11 95 37 52 96 6 18 85 64 100 35 17 91 31 35 50 10 51 25 81 61 51 73 67 74 64 20 38 48 1 7 57 2 31 60 4 3 44 30 85 1 76 30 75 18 73
98 53 72 42 34 65 97 8 29 41 15 37 60 30 20 57 68 90 31 23 61 23 15 47 35 94 93 74 91 6 99 15 16 20 6 63 45 63 86 22 25 47 11 92 36 77 47 4 68 10 79 52 5 25 89 28 9 49 91 19 65 70 84 65 25 28 40 42 56 65 98 88 71 83 43 35 22 43 13 8 57 50 76 42 31 84 96 83 48 96 7 67 61 2 5 49 32 11 9 85
57 75 64 87 6 47 49 37 60 88 61 100 53 67 86 100 70 11 71 81 79 74 60 52 18 6 83 25 42 27 33 19 43 22 47 86 36 81 37 99 89 38 58 48 17 46 11 81 12 22 37 25 17 91 88 88 69 79 12 39 25 32 56 39 82 25 84 48 89 17 2 74 74 30 82 12 17 49 11 51 70 8 100 45 51 70 81 87 26 32 27 58 3 30 66 7 2 17 59 49
46 91 82 58 7 73 68 57 83 31 91 13 20 25 60 8 26 97 6 86 93 23 100 48 21 95 2 74 50 6 94 63 53 5 64 78 93 61 34 48 91 32 84 29 70 94 22 96 33 100 19 27 16 2 77 18 94 45 36 38 76 76 52 51 67 15 92 67 53 39 97 29 88 31 50 17 20 67 7 87 81 12 81 1 73 63 10 37 82 10 23 20 58 100 100 17 45 69 40 16
1 8 100 52 55 30 49 94 46 20 53 41 90 56 12 37 7 90 99 51 72 48 92 6 96 65 15 36 38 64 84 65 12 22 44 9 30 56 100 48 63 69 24 6 75 60 53 48 89 97 88 50 53 23 7 14 52 71 98 67 24 49 16 32 19 93 41 87 48 93 99 92 20 16 22 61 70 76 8 56 85 38 28 81 69 94 36 24 35 18 2 34 63 66 51 85 73 25 42 38
84 62 3 47 59 6 93 26 89 53 12 68 56 11 57 52 32 93 66 56 46 23 80 54 79 78 2 58 9 4 66 93 32 89 97 13 60 94 66 95 50 14 98 86 59 84 41 40 75 24 18 26 89 24 45 9 37 77 94 26 96 48 13 34 12 88 16 82 35 57 2 69 62 62 14 60 56 76 73 28 30 11 57 23 22 80 97 82 11 85 65 92 77 93 79 4 47 46 17 84
57 75 14 93 51 49 79 54 15 32 44 99 50 50 70 98 97 34 37 21 33 55 13 44 2 81 28 60 47 37 20 89 63 88 27 20 28 38 75 3 71 14 36 40 34 63 10 7 20 57 16 32 73 71 88 72 6 44 5 33 42 15 16 65 99 94 22 33 35 77 29 61 25 2 16 32 32 98 46 25 97 1 18 36 83 67 48 47 60 32 13 61 36 31 78 34 33 19 75 40
72 52 33 95 92 21 99 74 51 72 10 43 91 26 66 72 37 6 47 87 75 53 75 29 74 22 24 48 59 27 57 40 71 74 86 26 38 14 20 71 13 39 32 4 52 41 18 52 10 97 78 22 27 51 4 77 91 23 34 63 6 40 98 98 5 62 34 98 62 24 39 98 92 52 62 65 8 56 72 71 22 45 73 24 84 31 71 93 8 32 98 38 54 93 37 54 32 48 83 76
27 89 62 23 4 92 85 46 55 87 13 52 45 31 36 81 79 3 15 25 74 85 22 34 4 39 76 70 64 64 26 69 88 17 28 57 35 71 73 27 50 59 22 67 7 74 62 12 89 48 49 35 17 67 98 5 2 44 80 13 40 7 6 96 63 73 6 36 53 99 75 98 5 87 6 45 60 70 64 23 86 100 43 77 74 8 70 25 25 9 97 2 5 51 40 20 12 88 81 22

